author
3
25
122
875
5184
1034
21
22
14
57
1272
120
26450
173
10
11
19
304
84
2647
113
3632
4478
1112
1370
3384
1108
9
18581
3675
50
410
141
38
186
458
87
20159
351
79
2967
1505
2873
62
30
2
2573
25268
91
2444
961
127
1072
3014
1314
606
1483
635
1086
5464
12831
13601
3462
12
3925
1081
198
31943
1001
29
356
18936
25185
2526
51
1858
2416
2667
3102
9486
2186
653
2515
266
195
1352
21281
1770
4327
180
26592
3548
888
2193
317
102
23527
121
358
21619
155
12786
2680
2702
3904
1973
21851
26847
1640
214
905
20682
3784
78
139
982
189
134
2176
31
5347
4609
3078
28405
2389
2636
8296
96
1279
10621
46
17876
11186
1621
5031
15571
1938
18
2254
3621
25557
26292
1900
28762
58
26757
4680
22870
1986
4809
